shutter_time,counts
1.11333e-05,42
2.22667e-05,53
3.34e-05,29
4.45333e-05,43
5.56667e-05,41
6.68e-05,42
7.79333e-05,34
8.90667e-05,39
0.0001002,33
0.000111333,46
0.000122467,44
0.0001336,48
0.000144733,31
0.000155867,46
0.000167,37
0.000178133,47
0.000189267,42
0.0002004,36
0.000211533,30
0.000222667,44
0.0002338,31
0.000244933,33
0.000256067,45
0.0002672,46
0.000278333,36
0.000289467,52
0.0003006,36
0.000311733,42
0.000322867,45
0.000334,36
0.000345133,30
0.000356267,40
0.0003674,47
0.000378533,43
0.000389667,48
0.0004008,49
0.000411933,39
0.000423067,37
0.0004342,41
0.000445333,38
0.000456467,34
0.0004676,40
0.000478733,43
0.000489867,42
0.000501,39
0.000512133,38
0.000523267,36
0.0005344,34
0.000545533,35
0.000556667,43
0.0005678,46
0.000578933,42
0.000590067,45
0.0006012,47
0.000612333,28
0.000623467,43
0.0006346,42
0.000645733,37
0.000656867,46
0.000668,44
0.000679133,43
0.000690267,28
0.0007014,49
0.000712533,36
0.000723667,43
0.0007348,30
0.000745933,37
0.000757067,28
0.0007682,50
0.000779333,39
0.000790467,37
0.0008016,26
0.000812733,24
0.000823867,45
0.000835,50
0.000846133,44
0.000857267,41
0.0008684,32
0.000879533,38
0.000890667,23
0.0009018,47
0.000912933,25
0.000924067,47
0.0009352,38
0.000946333,33
0.000957467,38
0.0009686,40
0.000979733,49
0.000990867,32
0.001002,33
0.00101313,37
0.00102427,32
0.0010354,49
0.00104653,37
0.00105767,43
0.0010688,44
0.00107993,41
0.00109107,37
0.0011022,37
0.00111333,34
0.00112447,37
0.0011356,37
0.00114673,52
0.00115787,45
0.001169,39
0.00118013,30
0.00119127,35
0.0012024,38
0.00121353,45
0.00122467,33
0.0012358,37
0.00124693,41
0.00125807,49
0.0012692,41
0.00128033,35
0.00129147,43
0.0013026,37
0.00131373,39
0.00132487,32
0.001336,44
0.00134713,29
0.00135827,40
0.0013694,38
0.00138053,32
0.00139167,31
0.0014028,46
0.00141393,39
0.00142507,34
0.0014362,39
0.00144733,32
0.00145847,44
0.0014696,45
0.00148073,34
0.00149187,31
0.001503,30
0.00151413,42
0.00152527,38
0.0015364,44
0.00154753,44
0.00155867,33
0.0015698,39
0.00158093,31
0.00159207,34
0.0016032,43
0.00161433,27
0.00162547,30
0.0016366,46
0.00164773,37
0.00165887,40
0.00167,36
0.00168113,42
0.00169227,35
0.0017034,30
0.00171453,36
0.00172567,42
0.0017368,31
0.00174793,34
0.00175907,39
0.0017702,42
0.00178133,46
0.00179247,33
0.0018036,43
0.00181473,47
0.00182587,31
0.001837,47
0.00184813,30
0.00185927,31
0.0018704,34
0.00188153,39
0.00189267,27
0.0019038,41
0.00191493,40
0.00192607,34
0.0019372,45
0.00194833,25
0.00195947,35
0.0019706,29
0.00198173,40
0.00199287,32
0.002004,44
0.00201513,44
0.00202627,41
0.0020374,54
0.00204853,30
0.00205967,45
0.0020708,34
0.00208193,34
0.00209307,32
0.0021042,48
0.00211533,29
0.00212647,40
0.0021376,36
0.00214873,29
0.00215987,45
0.002171,33
0.00218213,29
0.00219327,49
0.0022044,30
0.00221553,41
0.00222667,49
0.0022378,45
0.00224893,37
0.00226007,47
0.0022712,33
0.00228233,44
0.00229347,35
0.0023046,43
0.00231573,36
0.00232687,49
0.002338,40
0.00234913,39
0.00236027,44
0.0023714,36
0.00238253,31
0.00239367,40
0.0024048,38
0.00241593,34
0.00242707,35
0.0024382,34
0.00244933,48
0.00246047,33
0.0024716,32
0.00248273,43
0.00249387,38
0.002505,49
0.00251613,37
0.00252727,38
0.0025384,50
0.00254953,32
0.00256067,34
0.0025718,28
0.00258293,43
0.00259407,33
0.0026052,51
0.00261633,47
0.00262747,39
0.0026386,46
0.00264973,39
0.00266087,33
0.002672,32
0.00268313,30
0.00269427,42
0.0027054,35
0.00271653,43
0.00272767,46
0.0027388,38
0.00274993,35
0.00276107,43
0.0027722,29
0.00278333,46
0.00279447,29
0.0028056,37
0.00281673,35
0.00282787,32
0.002839,30
0.00285013,41
0.00286127,49
0.0028724,33
0.00288353,37
0.00289467,38
0.0029058,48
0.00291693,36
0.00292807,31
0.0029392,39
0.00295033,38
0.00296147,41
0.0029726,33
0.00298373,40
0.00299487,41
0.003006,39
0.00301713,37
0.00302827,43
0.0030394,37
0.00305053,39
0.00306167,26
0.0030728,34
0.00308393,39
0.00309507,50
0.0031062,31
0.00311733,33
0.00312847,29
0.0031396,49
0.00315073,35
0.00316187,30
0.003173,44
0.00318413,32
0.00319527,42
0.0032064,37
0.00321753,33
0.00322867,35
0.0032398,28
0.00325093,50
0.00326207,44
0.0032732,30
0.00328433,48
0.00329547,38
0.0033066,33
0.00331773,39
0.00332887,36
0.00334,38
0.00335113,48
0.00336227,37
0.0033734,46
0.00338453,47
0.00339567,39
0.0034068,48
0.00341793,27
0.00342907,28
0.0034402,40
0.00345133,38
0.00346247,35
0.0034736,47
0.00348473,41
0.00349587,32
0.003507,45
0.00351813,30
0.00352927,45
0.0035404,52
0.00355153,40
0.00356267,43
0.0035738,45
0.00358493,36
0.00359607,37
0.0036072,39
0.00361833,31
0.00362947,36
0.0036406,22
0.00365173,44
0.00366287,41
0.003674,40
0.00368513,40
0.00369627,28
0.0037074,35
0.00371853,37
0.00372967,34
0.0037408,44
0.00375193,34
0.00376307,34
0.0037742,34
0.00378533,36
0.00379647,30
0.0038076,47
0.00381873,34
0.00382987,31
0.003841,38
0.00385213,40
0.00386327,29
0.0038744,34
0.00388553,38
0.00389667,38
0.0039078,42
0.00391893,25
0.00393007,32
0.0039412,39
0.00395233,47
0.00396347,31
0.0039746,22
0.00398573,47
0.00399687,48
0.004008,35
0.00401913,35
0.00403027,39
0.0040414,32
0.00405253,35
0.00406367,42
0.0040748,37
0.00408593,41
0.00409707,34
0.0041082,37
0.00411933,37
0.00413047,25
0.0041416,44
0.00415273,35
0.00416387,19
0.004175,36
0.00418613,35
0.00419727,39
0.0042084,32
0.00421953,38
0.00423067,38
0.0042418,30
0.00425293,38
0.00426407,31
0.0042752,33
0.00428633,46
0.00429747,55
0.0043086,37
0.00431973,40
0.00433087,42
0.004342,57
0.00435313,37
0.00436427,36
0.0043754,31
0.00438653,30
0.00439767,37
0.0044088,38
0.00441993,47
0.00443107,33
0.0044422,35
0.00445333,32
0.00446447,41
0.0044756,36
0.00448673,27
0.00449787,33
0.004509,37
0.00452013,27
0.00453127,46
0.0045424,37
0.00455353,45
0.00456467,41
0.0045758,39
0.00458693,53
0.00459807,43
0.0046092,32
0.00462033,27
0.00463147,37
0.0046426,48
0.00465373,41
0.00466487,35
0.004676,40
0.00468713,45
0.00469827,28
0.0047094,43
0.00472053,34
0.00473167,43
0.0047428,35
0.00475393,41
0.00476507,38
0.0047762,28
0.00478733,43
0.00479847,31
0.0048096,41
0.00482073,36
0.00483187,38
0.004843,40
0.00485413,42
0.00486527,38
0.0048764,31
0.00488753,52
0.00489867,46
0.0049098,21
0.00492093,28
0.00493207,42
0.0049432,30
0.00495433,46
0.00496547,26
0.0049766,39
0.00498773,33
0.00499887,31
0.00501,39
0.00502113,60
0.00503227,35
0.0050434,35
0.00505453,41
0.00506567,35
0.0050768,29
0.00508793,33
0.00509907,34
0.0051102,35
0.00512133,31
0.00513247,35
0.0051436,36
0.00515473,38
0.00516587,34
0.005177,37
0.00518813,33
0.00519927,38
0.0052104,44
0.00522153,24
0.00523267,39
0.0052438,38
0.00525493,28
0.00526607,31
0.0052772,32
0.00528833,37
0.00529947,41
0.0053106,38
0.00532173,42
0.00533287,44
0.005344,48
0.00535513,32
0.00536627,32
0.0053774,31
0.00538853,34
0.00539967,40
0.0054108,30
0.00542193,38
0.00543307,34
0.0054442,44
0.00545533,39
0.00546647,44
0.0054776,33
0.00548873,25
0.00549987,41
0.005511,40
0.00552213,42
0.00553327,51
0.0055444,33
0.00555553,37
0.00556667,39
0.0055778,35
0.00558893,32
0.00560007,39
0.0056112,47
0.00562233,36
0.00563347,30
0.0056446,26
0.00565573,32
0.00566687,39
0.005678,41
0.00568913,35
0.00570027,33
0.0057114,34
0.00572253,44
0.00573367,41
0.0057448,44
0.00575593,55
0.00576707,38
0.0057782,38
0.00578933,38
0.00580047,27
0.0058116,30
0.00582273,28
0.00583387,29
0.005845,31
0.00585613,30
0.00586727,36
0.0058784,36
0.00588953,27
0.00590067,38
0.0059118,36
0.00592293,28
0.00593407,33
0.0059452,35
0.00595633,25
0.00596747,43
0.0059786,41
0.00598973,33
0.00600087,37
0.006012,37
0.00602313,38
0.00603427,37
0.0060454,41
0.00605653,32
0.00606767,40
0.0060788,39
0.00608993,30
0.00610107,34
0.0061122,28
0.00612333,34
0.00613447,32
0.0061456,38
0.00615673,40
0.00616787,27
0.006179,24
0.00619013,32
0.00620127,30
0.0062124,41
0.00622353,29
0.00623467,37
0.0062458,44
0.00625693,46
0.00626807,32
0.0062792,27
0.00629033,31
0.00630147,31
0.0063126,35
0.00632373,31
0.00633487,30
0.006346,37
0.00635713,42
0.00636827,40
0.0063794,33
0.00639053,34
0.00640167,38
0.0064128,35
0.00642393,40
0.00643507,38
0.0064462,29
0.00645733,38
0.00646847,33
0.0064796,38
0.00649073,21
0.00650187,34
0.006513,43
0.00652413,26
0.00653527,33
0.0065464,36
0.00655753,39
0.00656867,45
0.0065798,24
0.00659093,36
0.00660207,35
0.0066132,28
0.00662433,46
0.00663547,34
0.0066466,37
0.00665773,33
0.00666887,27
0.00668,32
0.00669113,48
0.00670227,28
0.0067134,29
0.00672453,34
0.00673567,50
0.0067468,44
0.00675793,36
0.00676907,37
0.0067802,30
0.00679133,34
0.00680247,45
0.0068136,37
0.00682473,36
0.00683587,42
0.006847,36
0.00685813,36
0.00686927,35
0.0068804,36
0.00689153,33
0.00690267,31
0.0069138,39
0.00692493,27
0.00693607,24
0.0069472,38
0.00695833,33
0.00696947,37
0.0069806,29
0.00699173,33
0.00700287,45
0.007014,36
0.00702513,32
0.00703627,27
0.0070474,31
0.00705853,56
0.00706967,26
0.0070808,43
0.00709193,31
0.00710307,34
0.0071142,39
0.00712533,34
0.00713647,28
0.0071476,45
0.00715873,32
0.00716987,27
0.007181,42
0.00719213,27
0.00720327,20
0.0072144,44
0.00722553,27
0.00723667,28
0.0072478,28
0.00725893,34
0.00727007,50
0.0072812,28
0.00729233,32
0.00730347,30
0.0073146,39
0.00732573,34
0.00733687,45
0.007348,24
0.00735913,41
0.00737027,23
0.0073814,34
0.00739253,37
0.00740367,21
0.0074148,41
0.00742593,32
0.00743707,35
0.0074482,28
0.00745933,41
0.00747047,42
0.0074816,43
0.00749273,37
0.00750387,36
0.007515,32
0.00752613,39
0.00753727,32
0.0075484,47
0.00755953,36
0.00757067,32
0.0075818,30
0.00759293,34
0.00760407,37
0.0076152,33
0.00762633,36
0.00763747,40
0.0076486,37
0.00765973,29
0.00767087,48
0.007682,31
0.00769313,39
0.00770427,40
0.0077154,34
0.00772653,39
0.00773767,26
0.0077488,21
0.00775993,39
0.00777107,41
0.0077822,37
0.00779333,36
0.00780447,25
0.0078156,29
0.00782673,31
0.00783787,36
0.007849,30
0.00786013,33
0.00787127,35
0.0078824,40
0.00789353,24
0.00790467,34
0.0079158,45
0.00792693,38
0.00793807,42
0.0079492,36
0.00796033,42
0.00797147,26
0.0079826,41
0.00799373,39
0.00800487,38
0.008016,30
0.00802713,33
0.00803827,35
0.0080494,27
0.00806053,40
0.00807167,27
0.0080828,44
0.00809393,35
0.00810507,39
0.0081162,30
0.00812733,37
0.00813847,26
0.0081496,32
0.00816073,35
0.00817187,24
0.008183,36
0.00819413,33
0.00820527,38
0.0082164,35
0.00822753,48
0.00823867,38
0.0082498,19
0.00826093,34
0.00827207,26
0.0082832,32
0.00829433,28
0.00830547,35
0.0083166,42
0.00832773,37
0.00833887,29
0.00835,41
0.00836113,42
0.00837227,23
0.0083834,36
0.00839453,41
0.00840567,36
0.0084168,31
0.00842793,34
0.00843907,45
0.0084502,41
0.00846133,30
0.00847247,31
0.0084836,33
0.00849473,35
0.00850587,35
0.008517,37
0.00852813,37
0.00853927,30
0.0085504,32
0.00856153,45
0.00857267,27
0.0085838,35
0.00859493,29
0.00860607,26
0.0086172,27
0.00862833,30
0.00863947,36
0.0086506,47
0.00866173,33
0.00867287,33
0.008684,27
0.00869513,36
0.00870627,40
0.0087174,41
0.00872853,37
0.00873967,31
0.0087508,36
0.00876193,34
0.00877307,44
0.0087842,43
0.00879533,46
0.00880647,37
0.0088176,36
0.00882873,46
0.00883987,36
0.008851,29
0.00886213,38
0.00887327,27
0.0088844,39
0.00889553,48
0.00890667,31
0.0089178,27
0.00892893,34
0.00894007,33
0.0089512,38
0.00896233,29
0.00897347,36
0.0089846,38
0.00899573,31
0.00900687,33
0.009018,51
0.00902913,31
0.00904027,30
0.0090514,29
0.00906253,31
0.00907367,43
0.0090848,38
0.00909593,36
0.00910707,30
0.0091182,34
0.00912933,35
0.00914047,45
0.0091516,30
0.00916273,40
0.00917387,28
0.009185,36
0.00919613,46
0.00920727,37
0.0092184,35
0.00922953,33
0.00924067,35
0.0092518,36
0.00926293,31
0.00927407,30
0.0092852,35
0.00929633,39
0.00930747,28
0.0093186,32
0.00932973,29
0.00934087,32
0.009352,30
0.00936313,34
0.00937427,42
0.0093854,39
0.00939653,31
0.00940767,31
0.0094188,39
0.00942993,45
0.00944107,33
0.0094522,43
0.00946333,26
0.00947447,27
0.0094856,30
0.00949673,30
0.00950787,36
0.009519,29
0.00953013,39
0.00954127,32
0.0095524,31
0.00956353,29
0.00957467,31
0.0095858,30
0.00959693,28
0.00960807,38
0.0096192,36
0.00963033,31
0.00964147,28
0.0096526,37
0.00966373,23
0.00967487,31
0.009686,31
0.00969713,30
0.00970827,32
0.0097194,36
0.00973053,28
0.00974167,29
0.0097528,37
0.00976393,38
0.00977507,35
0.0097862,43
0.00979733,24
0.00980847,35
0.0098196,43
0.00983073,43
0.00984187,31
0.009853,38
0.00986413,24
0.00987527,39
0.0098864,39
0.00989753,40
0.00990867,37
0.0099198,35
0.00993093,45
0.00994207,31
0.0099532,41
0.00996433,31
0.00997547,32
0.0099866,37
0.00999773,35
0.0100089,34
0.01002,33
0.0100311,41
0.0100423,32
0.0100534,35
0.0100645,24
0.0100757,29
0.0100868,43
0.0100979,32
0.0101091,35
0.0101202,34
0.0101313,34
0.0101425,35
0.0101536,38
0.0101647,34
0.0101759,26
0.010187,32
0.0101981,44
0.0102093,25
0.0102204,34
0.0102315,34
0.0102427,30
0.0102538,43
0.0102649,47
0.0102761,29
0.0102872,32
0.0102983,34
0.0103095,38
0.0103206,21
0.0103317,36
0.0103429,29
0.010354,43
0.0103651,31
0.0103763,28
0.0103874,29
0.0103985,46
0.0104097,32
0.0104208,41
0.0104319,34
0.0104431,29
0.0104542,32
0.0104653,30
0.0104765,29
0.0104876,36
0.0104987,44
0.0105099,40
0.010521,29
0.0105321,22
0.0105433,30
0.0105544,26
0.0105655,39
0.0105767,42
0.0105878,30
0.0105989,35
0.0106101,34
0.0106212,38
0.0106323,33
0.0106435,39
0.0106546,33
0.0106657,36
0.0106769,42
0.010688,31
0.0106991,29
0.0107103,34
0.0107214,31
0.0107325,35
0.0107437,34
0.0107548,35
0.0107659,27
0.0107771,43
0.0107882,27
0.0107993,30
0.0108105,38
0.0108216,33
0.0108327,38
0.0108439,41
0.010855,29
0.0108661,35
0.0108773,28
0.0108884,34
0.0108995,32
0.0109107,44
0.0109218,33
0.0109329,35
0.0109441,37
0.0109552,55
0.0109663,32
0.0109775,32
0.0109886,42
0.0109997,30
0.0110109,22
0.011022,40
0.0110331,32
0.0110443,25
0.0110554,37
0.0110665,38
0.0110777,33
0.0110888,43
0.0110999,33
0.0111111,37
0.0111222,39
0.0111333,37
0.0111445,33
0.0111556,24
0.0111667,35
0.0111779,35
0.011189,35
0.0112001,35
0.0112113,36
0.0112224,34
0.0112335,32
0.0112447,31
0.0112558,48
0.0112669,25
0.0112781,35
0.0112892,32
0.0113003,33
0.0113115,30
0.0113226,32
0.0113337,29
0.0113449,42
0.011356,47
0.0113671,31
0.0113783,33
0.0113894,34
0.0114005,31
0.0114117,32
0.0114228,34
0.0114339,28
0.0114451,38
0.0114562,32
0.0114673,24
0.0114785,25
0.0114896,27
0.0115007,36
0.0115119,25
0.011523,22
0.0115341,24
0.0115453,23
0.0115564,19
0.0115675,19
0.0115787,22
0.0115898,20
0.0116009,20
0.0116121,20
0.0116232,15
0.0116343,17
0.0116455,7
0.0116566,11
0.0116677,13
0.0116789,13
0.01169,7
0.0117011,4
0.0117123,6
0.0117234,12
0.0117345,5
0.0117457,3
0.0117568,6
0.0117679,5
0.0117791,2
0.0117902,2
0.0118013,1
0.0118125,2
0.0118236,2
0.0118347,3
0.0118459,1
0.011857,1
0.0118681,0
0.0118793,0
0.0118904,3
0.0119015,1
0.0119127,2
0.0119238,0
0.0119349,0
0.0119461,1
0.0119572,2
0.0119683,1
0.0119795,3
0.0119906,0
0.0120017,4
0.0120129,1
0.012024,2
0.0120351,1
0.0120463,0
0.0120574,2
0.0120685,2
0.0120797,2
0.0120908,3
0.0121019,2
0.0121131,4
0.0121242,3
0.0121353,0
0.0121465,2
0.0121576,1
0.0121687,1
0.0121799,1
0.012191,1
0.0122021,1
0.0122133,1
0.0122244,0
0.0122355,1
0.0122467,2
0.0122578,0
0.0122689,2
0.0122801,2
0.0122912,0
0.0123023,2
0.0123135,2
0.0123246,4
0.0123357,3
0.0123469,2
0.012358,2
0.0123691,1
0.0123803,1
0.0123914,3
0.0124025,1
0.0124137,3
0.0124248,3
0.0124359,2
0.0124471,7
0.0124582,6
0.0124693,3
0.0124805,3
0.0124916,3
0.0125027,8
0.0125139,3
0.012525,7
0.0125361,15
0.0125473,10
0.0125584,10
0.0125695,11
0.0125807,11
0.0125918,12
0.0126029,27
0.0126141,19
0.0126252,22
0.0126363,21
0.0126475,21
0.0126586,20
0.0126697,23
0.0126809,22
0.012692,25
0.0127031,29
0.0127143,32
0.0127254,33
0.0127365,26
0.0127477,23
0.0127588,27
0.0127699,27
0.0127811,35
0.0127922,29
0.0128033,26
0.0128145,36
0.0128256,29
0.0128367,36
0.0128479,33
0.012859,29
0.0128701,40
0.0128813,37
0.0128924,26
0.0129035,29
0.0129147,32
0.0129258,36
0.0129369,28
0.0129481,42
0.0129592,41
0.0129703,44
0.0129815,33
0.0129926,27
0.0130037,37
0.0130149,38
0.013026,36
0.0130371,35
0.0130483,38
0.0130594,33
0.0130705,46
0.0130817,41
0.0130928,36
0.0131039,32
0.0131151,44
0.0131262,44
0.0131373,45
0.0131485,41
0.0131596,36
0.0131707,43
0.0131819,24
0.013193,30
0.0132041,36
0.0132153,41
0.0132264,43
0.0132375,38
0.0132487,28
0.0132598,41
0.0132709,27
0.0132821,38
0.0132932,41
0.0133043,39
0.0133155,42
0.0133266,36
0.0133377,40
0.0133489,42
0.01336,34
0.0133711,45
0.0133823,39
0.0133934,35
0.0134045,33
0.0134157,35
0.0134268,34
0.0134379,37
0.0134491,29
0.0134602,31
0.0134713,26
0.0134825,50
0.0134936,28
0.0135047,41
0.0135159,29
0.013527,32
0.0135381,32
0.0135493,45
0.0135604,32
0.0135715,28
0.0135827,24
0.0135938,43
0.0136049,42
0.0136161,34
0.0136272,44
0.0136383,41
0.0136495,37
0.0136606,27
0.0136717,38
0.0136829,36
0.013694,42
0.0137051,39
0.0137163,32
0.0137274,26
0.0137385,42
0.0137497,44
0.0137608,29
0.0137719,44
0.0137831,33
0.0137942,28
0.0138053,45
0.0138165,33
0.0138276,36
0.0138387,43
0.0138499,53
0.013861,40
0.0138721,27
0.0138833,40
0.0138944,46
0.0139055,28
0.0139167,39
0.0139278,41
0.0139389,29
0.0139501,30
0.0139612,34
0.0139723,41
0.0139835,40
0.0139946,31
0.0140057,30
0.0140169,32
0.014028,35
0.0140391,34
0.0140503,47
0.0140614,38
0.0140725,34
0.0140837,40
0.0140948,46
0.0141059,51
0.0141171,38
0.0141282,45
0.0141393,37
0.0141505,37
0.0141616,54
0.0141727,31
0.0141839,47
0.014195,42
0.0142061,32
0.0142173,37
0.0142284,50
0.0142395,39
0.0142507,38
0.0142618,26
0.0142729,50
0.0142841,37
0.0142952,41
0.0143063,39
0.0143175,41
0.0143286,29
0.0143397,33
0.0143509,38
0.014362,53
0.0143731,32
0.0143843,38
0.0143954,41
0.0144065,37
0.0144177,40
0.0144288,38
0.0144399,58
0.0144511,39
0.0144622,48
0.0144733,42
0.0144845,54
0.0144956,27
0.0145067,35
0.0145179,39
0.014529,44
0.0145401,38
0.0145513,32
0.0145624,48
0.0145735,34
0.0145847,44
0.0145958,40
0.0146069,41
0.0146181,44
0.0146292,38
0.0146403,42
0.0146515,41
0.0146626,45
0.0146737,40
0.0146849,55
0.014696,41
0.0147071,45
0.0147183,41
0.0147294,39
0.0147405,34
0.0147517,44
0.0147628,41
0.0147739,43
0.0147851,38
0.0147962,38
0.0148073,46
0.0148185,40
0.0148296,39
0.0148407,43
0.0148519,33
0.014863,40
0.0148741,38
0.0148853,30
0.0148964,47
0.0149075,44
0.0149187,35
0.0149298,42
0.0149409,39
0.0149521,34
0.0149632,51
0.0149743,37
0.0149855,48
0.0149966,47
0.0150077,48
0.0150189,36
0.01503,39
0.0150411,42
0.0150523,56
0.0150634,62
0.0150745,30
0.0150857,41
0.0150968,36
0.0151079,40
0.0151191,40
0.0151302,34
0.0151413,45
0.0151525,31
0.0151636,40
0.0151747,34
0.0151859,29
0.015197,33
0.0152081,32
0.0152193,51
0.0152304,41
0.0152415,34
0.0152527,43
0.0152638,41
0.0152749,36
0.0152861,41
0.0152972,56
0.0153083,51
0.0153195,32
0.0153306,37
0.0153417,44
0.0153529,43
0.015364,42
0.0153751,40
0.0153863,33
0.0153974,41
0.0154085,39
0.0154197,31
0.0154308,49
0.0154419,41
0.0154531,47
0.0154642,31
0.0154753,34
0.0154865,44
0.0154976,49
0.0155087,38
0.0155199,44
0.015531,41
0.0155421,38
0.0155533,50
0.0155644,30
0.0155755,34
0.0155867,39
0.0155978,33
0.0156089,41
0.0156201,32
0.0156312,43
0.0156423,50
0.0156535,46
0.0156646,42
0.0156757,42
0.0156869,37
0.015698,32
0.0157091,49
0.0157203,46
0.0157314,43
0.0157425,30
0.0157537,43
0.0157648,35
0.0157759,35
0.0157871,42
0.0157982,35
0.0158093,35
0.0158205,40
0.0158316,26
0.0158427,38
0.0158539,35
0.015865,37
0.0158761,43
0.0158873,44
0.0158984,36
0.0159095,33
0.0159207,53
0.0159318,54
0.0159429,41
0.0159541,34
0.0159652,27
0.0159763,36
0.0159875,49
0.0159986,35
0.0160097,37
0.0160209,43
0.016032,39
0.0160431,56
0.0160543,41
0.0160654,46
0.0160765,38
0.0160877,36
0.0160988,35
0.0161099,39
0.0161211,39
0.0161322,43
0.0161433,46
0.0161545,42
0.0161656,46
0.0161767,58
0.0161879,35
0.016199,47
0.0162101,47
0.0162213,37
0.0162324,43
0.0162435,45
0.0162547,46
0.0162658,42
0.0162769,37
0.0162881,42
0.0162992,57
0.0163103,39
0.0163215,40
0.0163326,39
0.0163437,44
0.0163549,42
0.016366,30
0.0163771,45
0.0163883,35
0.0163994,44
0.0164105,38
0.0164217,36
0.0164328,45
0.0164439,31
0.0164551,41
0.0164662,45
0.0164773,45
0.0164885,45
0.0164996,47
0.0165107,38
0.0165219,28
0.016533,44
0.0165441,34
0.0165553,39
0.0165664,45
0.0165775,43
0.0165887,40
0.0165998,41
0.0166109,42
0.0166221,37
0.0166332,44
0.0166443,41
0.0166555,43
0.0166666,31
0.0166777,0
0.0166889,0
0.0167,0
